Level 1,Start_year,avg_pop_phase_1,avg_pop_phase_2,avg_pop_phase_3,avg_pop_phase_4,avg_pop_phase_5
ANDROY,2019,0.32499999999999996,0.45499999999999996,0.18,0.04,0.0
ANDROY,2022,0.1375,0.4,0.4125,0.05,0.0
ANDROY,2023,0.2,0.4125,0.3625,0.025,0.0
ANOSY,2019,0.32499999999999996,0.42500000000000004,0.175,0.07500000000000001,0.0
ANOSY,2022,0.19999999999999998,0.3833333333333333,0.3833333333333333,0.03333333333333333,0.0
ANOSY,2023,0.2333333333333333,0.48333333333333334,0.2833333333333333,0.0,0.0
ASAL Counties,2020,0.6108695652173913,0.3391304347826087,0.04782608695652174,0.002173913043478261,0.0
ASAL Counties,2021,0.5543478260869565,0.34782608695652173,0.08043478260869566,0.017391304347826087,0.0
ASAL Counties,2023,0.3934782608695652,0.38913043478260867,0.18043478260869567,0.03695652173913044,0.0
ATSIMO ANDREFANA,2019,0.31666666666666665,0.3833333333333333,0.2333333333333333,0.06666666666666667,0.0
ATSIMO ANDREFANA,2022,0.31666666666666665,0.35000000000000003,0.2833333333333333,0.05000000000000001,0.0
ATSIMO ANDREFANA,2023,0.39999999999999997,0.3666666666666667,0.21666666666666667,0.016666666666666666,0.0
ATSIMO ATSINANANA,2019,0.55,0.32499999999999996,0.125,0.0,0.0
ATSIMO ATSINANANA,2022,0.22999999999999998,0.42000000000000004,0.3,0.05,0.0
Abia,2021,0.541764705882353,0.3376470588235294,0.12058823529411763,0.0,0.0
Abia,2022,0.7002941176470587,0.22058823529411764,0.07911764705882353,0.0,0.0
Abia,2023,0.6620588235294118,0.2823529411764706,0.055588235294117654,0.0,0.0
Abia,2024,0.4435294117647059,0.4611764705882353,0.09529411764705883,0.0,0.0
Abia,2025,0.42823529411764705,0.4711764705882353,0.10058823529411764,0.0,0.0
Abyan,2018,0.21363636363636365,0.35454545454545455,0.2990909090909091,0.13,0.0
Abyan,2019,0.19666666666666668,0.3433333333333333,0.31,0.13333333333333333,0.0
Abyan,2020,0.21818181818181817,0.36590909090909096,0.3,0.1159090909090909,0.0
Abyan,2022,0.23636363636363636,0.2909090909090909,0.33636363636363636,0.13636363636363635,0.0
Abyan,2023,0.3136363636363636,0.35000000000000003,0.2727272727272727,0.06363636363636363,0.0
Abyan,2024,0.24545454545454548,0.2863636363636364,0.3409090909090909,0.1272727272727273,0.0
Abyan,2025,0.23636363636363636,0.2909090909090909,0.3045454545454545,0.16818181818181818,0.0
Acolhedores,2020,0.35714285714285715,0.33571428571428574,0.22142857142857145,0.08571428571428572,0.0
Acolhedores,2021,0.32142857142857145,0.32142857142857145,0.2785714285714286,0.07857142857142858,0.0
Ad Dali`,2023,0.24166666666666667,0.3666666666666667,0.27499999999999997,0.11666666666666665,0.0
Adamawa,2020,0.56,0.31115384615384617,0.12653846153846154,0.0019230769230769232,0.0
Adamawa,2021,0.6076923076923078,0.2878846153846154,0.10307692307692308,0.0013461538461538463,0.0
Adamawa,2022,0.5444230769230769,0.3226923076923077,0.13096153846153846,0.0019230769230769232,0.0
Adamawa,2023,0.5132692307692308,0.3417307692307692,0.14423076923076922,0.0007692307692307692,0.0
Adamawa,2024,0.5053846153846154,0.32826923076923076,0.1630769230769231,0.0032692307692307695,0.0
Adamawa,2025,0.4033333333333334,0.41190476190476194,0.18476190476190477,0.0,0.0
Addun Pastoral,2021,0.5428571428571428,0.2642857142857143,0.17857142857142858,0.014285714285714287,0.0
Aden,2018,0.1875,0.30625,0.31875,0.19,0.0
Aden,2019,0.2,0.35,0.3,0.15,0.0
Aden,2020,0.29375,0.41875,0.2,0.08750000000000001,0.0
Aden,2022,0.2375,0.32499999999999996,0.3,0.1375,0.0
Aden,2023,0.30625,0.44375,0.2125,0.037500000000000006,0.0
Aden,2024,0.26875,0.31875,0.35,0.0625,0.0
Aden,2025,0.225,0.2875,0.34375,0.14375,0.0
Adrar,2020,0.8325,0.1325,0.035,0.0,0.0
Adrar,2021,0.75125,0.19125,0.0575,0.0,0.0
Adrar,2022,0.5225,0.315,0.1525,0.01,0.0
Adrar,2023,0.82,0.14125,0.03875,0.0,0.0
Adrar,2024,0.6025,0.27,0.1275,0.0,0.0
Adrar,2025,0.8125,0.16,0.0275,0.0,0.0
Afar,2019,0.4,0.3625,0.2125,0.025,0.0
Afar,2020,0.33888888888888885,0.36944444444444446,0.24166666666666664,0.05,0.0
Afar,2021,0.22916666666666666,0.32916666666666666,0.35833333333333334,0.08333333333333333,0.0
Agadez,2020,0.5983333333333333,0.2966666666666667,0.10333333333333333,0.0016666666666666668,0.0
Agadez,2021,0.6738461538461539,0.23692307692307693,0.08769230769230768,0.0015384615384615385,0.0
Agadez,2022,0.6614285714285714,0.2414285714285714,0.09571428571428572,0.0014285714285714286,0.0
Agadez,2023,0.6178571428571429,0.2642857142857143,0.11785714285714287,0.0,0.0
Agadez,2024,0.7371428571428572,0.19142857142857145,0.06999999999999999,0.0014285714285714286,0.0
Ahafo,2021,0.85625,0.10875,0.03125,0.00375,0.0
Ahafo,2022,0.85,0.10400000000000001,0.046,0.0,0.0
Ahafo,2023,0.865,0.11,0.025,0.0,0.0
Ahafo,2024,0.83,0.13,0.04,0.0,0.0
Ahafo,2025,0.83,0.12,0.05,0.0,0.0
Aj Jazirah,2019,0.7957142857142857,0.14142857142857143,0.06285714285714286,0.0,0.0
Aj Jazirah,2020,0.475,0.35625,0.125,0.043750000000000004,0.0
Aj Jazirah,2021,0.6875,0.225,0.059375000000000004,0.028125,0.0
Aj Jazirah,2022,0.4625,0.403125,0.1125,0.021875000000000002,0.0
Aj Jazirah,2023,0.3416666666666666,0.3979166666666667,0.19999999999999998,0.060416666666666674,0.0
Aj Jazirah,2024,0.08888888888888889,0.3333333333333333,0.3222222222222222,0.24333333333333332,0.012222222222222225
Akkar,2022,0.1,0.32499999999999996,0.45,0.125,0.0
Akkar,2023,0.1625,0.47500000000000003,0.3125,0.05,0.0
Akkar,2024,0.125,0.475,0.35,0.05,0.0
Akkar,2025,0.175,0.5,0.3,0.025,0.0
Al Bayda,2018,0.121,0.3165,0.40599999999999997,0.1575,0.001
Al Bayda,2019,0.16,0.4,0.3,0.0,0.0
Al Bayda,2020,0.23750000000000002,0.31875,0.32083333333333336,0.12291666666666667,0.0
Al Bayda,2022,0.2,0.29,0.355,0.155,0.0
Al Bayda,2025,0.22749999999999998,0.2575,0.3475,0.1675,0.0
Al Dhale'e,2019,0.15,0.3,0.4,0.15,0.0
Al Dhale'e,2020,0.2733333333333333,0.33999999999999997,0.26,0.12666666666666668,0.0
Al Dhale'e,2022,0.20555555555555557,0.26666666666666666,0.3222222222222222,0.20555555555555557,0.0
Al Dhale'e,2024,0.16666666666666666,0.35833333333333334,0.3083333333333333,0.16666666666666666,0.0
Al Dhale'e,2025,0.19444444444444445,0.3222222222222222,0.3222222222222222,0.1611111111111111,0.0
Al Dhalee,2018,0.15000000000000002,0.28777777777777774,0.3977777777777778,0.1611111111111111,0.0022222222222222222
Al Hodeidah,2023,0.35,0.275,0.275,0.1,0.0
Al Hudaydah,2018,0.16692307692307692,0.2853846153846154,0.3480769230769231,0.19384615384615383,0.003461538461538461
Al Hudaydah,2019,0.125,0.2925,0.3775,0.1,0.0
Al Hudaydah,2020,0.23,0.3333333333333333,0.295,0.14166666666666666,0.0
Al Hudaydah,2022,0.11538461538461539,0.21153846153846154,0.4519230769230769,0.22115384615384615,0.0
Al Hudaydah,2024,0.2,0.275,0.32499999999999996,0.2,0.0
Al Hudaydah,2025,0.15961538461538463,0.31346153846153846,0.3423076923076923,0.1846153846153846,0.0
Al Jawf,2018,0.18416666666666667,0.3475,0.325,0.14583333333333334,0.0
Al Jawf,2020,0.146875,0.328125,0.36875,0.15,0.00625
Al Jawf,2022,0.14583333333333334,0.21666666666666667,0.425,0.2125,0.0
Al Jawf,2023,0.3,0.35,0.25,0.1,0.0
Al Jawf,2024,0.2,0.25,0.35,0.2,0.0
Al Jawf,2025,0.1625,0.2791666666666667,0.3625,0.19583333333333333,0.0
Al Maharah,2018,0.3244444444444444,0.4066666666666667,0.1988888888888889,0.09666666666666666,0.0
Al Maharah,2020,0.2888888888888889,0.5722222222222223,0.11388888888888887,0.025,0.0
Al Maharah,2022,0.4555555555555555,0.37222222222222223,0.1388888888888889,0.03333333333333334,0.0
Al Maharah,2023,0.41111111111111115,0.3611111111111111,0.20555555555555557,0.022222222222222223,0.0
Al Maharah,2024,0.2833333333333333,0.35,0.3,0.06666666666666668,0.0
Al Maharah,2025,0.2833333333333333,0.35,0.3,0.06666666666666668,0.0
Al Mahwit,2018,0.16666666666666666,0.26555555555555554,0.3688888888888889,0.19,0.005555555555555556
Al Mahwit,2019,0.15,0.35,0.35,0.15,0.0
Al Mahwit,2020,0.18888888888888888,0.3055555555555556,0.36666666666666664,0.1388888888888889,0.0
Al Mahwit,2022,0.1611111111111111,0.22777777777777775,0.40555555555555556,0.20555555555555557,0.0
Al Mahwit,2025,0.21111111111111114,0.29444444444444445,0.3333333333333333,0.1611111111111111,0.0
Aley,2022,0.15,0.45,0.35,0.05,0.0
Aley,2023,0.3375,0.5125,0.15,0.0,0.0
Aley,2024,0.35,0.42500000000000004,0.22499999999999998,0.0,0.0
Aley,2025,0.42500000000000004,0.375,0.2,0.0,0.0
Ali Sabieh,2020,0.525,0.275,0.1625,0.037500000000000006,0.0
Ali Sabieh,2022,0.3375,0.375,0.25,0.037500000000000006,0.0
Ali Sabieh,2023,0.3625,0.33749999999999997,0.2,0.09999999999999999,0.0
Ali Sabieh,2024,0.3,0.425,0.25,0.025,0.0
Ali Sabieh,2025,0.4,0.3625,0.15000000000000002,0.08750000000000001,0.0
Alibori,2020,0.7949999999999999,0.16333333333333333,0.041666666666666664,0.0,0.0
Alibori,2021,0.8766666666666666,0.11833333333333333,0.005,0.0,0.0
Alibori,2022,0.8254545454545454,0.13818181818181818,0.03636363636363637,0.0,0.0
Alibori,2023,0.85,0.12181818181818183,0.028181818181818183,0.0,0.0
Alibori,2024,0.7333333333333334,0.19999999999999998,0.06666666666666667,0.0,0.0
Alibori,2025,0.8383333333333333,0.12833333333333333,0.03333333333333333,0.0,0.0
Amanat Al Asimah,2018,0.176,0.284,0.398,0.143,0.0
Amanat Al Asimah,2020,0.26,0.33999999999999997,0.34500000000000003,0.05500000000000001,0.0
Amanat Al Asimah,2022,0.155,0.305,0.36,0.18,0.0
Amanat Al Asimah,2025,0.215,0.33999999999999997,0.35,0.095,0.0
Amhara,2019,0.45769230769230773,0.25384615384615383,0.2076923076923077,0.08076923076923077,0.0
Amhara,2020,0.5321428571428571,0.2732142857142857,0.15892857142857145,0.03571428571428571,0.0
Amhara,2021,0.45535714285714285,0.28928571428571426,0.20535714285714285,0.049999999999999996,0.0
Amran,2018,0.14550000000000002,0.24250000000000002,0.368,0.231,0.011000000000000001
Amran,2019,0.1625,0.3225,0.3525,0.16,0.0
Amran,2020,0.145,0.265,0.41500000000000004,0.16999999999999998,0.005
Amran,2022,0.16,0.20750000000000002,0.4325,0.2,0.0
Amran,2025,0.185,0.275,0.34249999999999997,0.1975,0.0
Analanjirofo,2024,0.7416666666666667,0.2416666666666667,0.016666666666666666,0.0,0.0
Analanjirofo,2025,0.6916666666666668,0.26666666666666666,0.041666666666666664,0.0,0.0
Androy,2017,0.2975,0.35250000000000004,0.2575,0.07250000000000001,0.0
Androy,2018,0.2375,0.30000000000000004,0.305,0.1575,0.0
Androy,2019,0.4125,0.45,0.1375,0.0,0.0
Androy,2020,0.29583333333333334,0.4291666666666667,0.23750000000000002,0.0375,0.0
Androy,2021,0.1125,0.29375,0.39375,0.2,0.0
Androy,2022,0.13749999999999998,0.3958333333333333,0.37083333333333335,0.09583333333333334,0.0
Androy,2023,0.3125,0.5,0.175,0.0125,0.0
Androy,2024,0.25625,0.4875,0.225,0.03125,0.0
Androy,2025,0.275,0.53125,0.19375,0.0,0.0
Anosy,2017,0.19,0.35,0.32499999999999996,0.115,0.0
Anosy,2018,0.29000000000000004,0.41500000000000004,0.215,0.08,0.0
Anosy,2019,0.375,0.475,0.15,0.0,0.0
Anosy,2020,0.33571428571428574,0.42142857142857143,0.19999999999999998,0.04285714285714286,0.0
Anosy,2021,0.15833333333333333,0.375,0.325,0.13333333333333333,0.008333333333333333
Anosy,2022,0.2222222222222222,0.4833333333333333,0.25,0.044444444444444446,0.0
Anosy,2023,0.375,0.4583333333333333,0.16666666666666666,0.0,0.0
Anosy,2024,0.32916666666666666,0.5,0.1625,0.008333333333333333,0.0
Anosy,2025,0.2833333333333334,0.5666666666666667,0.15,0.0,0.0
Arta,2020,0.55,0.32499999999999996,0.125,0.0,0.0
Arta,2022,0.375,0.375,0.2,0.05,0.0
Arta,2023,0.325,0.375,0.22499999999999998,0.07500000000000001,0.0
Arta,2024,0.375,0.4,0.175,0.05,0.0
Arta,2025,0.4,0.42500000000000004,0.125,0.05,0.0
Artibonite,2017,0.315,0.495,0.16999999999999998,0.005,0.0
Artibonite,2018,0.35666666666666663,0.3333333333333333,0.2333333333333333,0.07666666666666667,0.0
Artibonite,2019,0.2833333333333333,0.31666666666666665,0.2833333333333333,0.11666666666666665,0.0
Artibonite,2020,0.25,0.3333333333333333,0.31666666666666665,0.10000000000000002,0.0
Artibonite,2021,0.2833333333333333,0.2833333333333333,0.31666666666666665,0.11666666666666665,0.0
Artibonite,2022,0.25,0.3,0.26666666666666666,0.18333333333333335,0.0
Artibonite,2023,0.26666666666666666,0.26666666666666666,0.31666666666666665,0.15,0.0
Artibonite,2024,0.2375,0.3,0.3,0.1625,0.0
Ashanti,2021,0.83,0.135,0.035,0.0,0.0
Ashanti,2022,0.7915384615384615,0.1546153846153846,0.05384615384615385,0.0,0.0
Ashanti,2023,0.9,0.08499999999999999,0.015,0.0,0.0
Ashanti,2024,0.91,0.08,0.01,0.0,0.0
Ashanti,2025,0.82,0.12,0.06,0.0,0.0
Assaba,2020,0.834,0.136,0.03,0.0,0.0
Assaba,2021,0.667,0.253,0.08,0.0,0.0
Assaba,2022,0.538,0.28200000000000003,0.166,0.014000000000000002,0.0
Assaba,2023,0.735,0.178,0.087,0.0,0.0
Assaba,2024,0.64,0.24,0.12,0.0,0.0
Assaba,2025,0.682,0.22000000000000003,0.098,0.0,0.0
Atacora,2020,0.79375,0.16875,0.0375,0.0,0.0
Atacora,2021,0.8955555555555557,0.10222222222222223,0.0022222222222222222,0.0,0.0
Atacora,2022,0.8023529411764706,0.15764705882352942,0.039411764705882354,0.0005882352941176471,0.0
Atacora,2023,0.8188888888888889,0.13944444444444445,0.04055555555555555,0.0011111111111111111,0.0
Atacora,2024,0.7185714285714286,0.20857142857142857,0.07285714285714286,0.0,0.0
Atacora,2025,0.8277777777777778,0.13777777777777778,0.034444444444444444,0.0,0.0
Atlantique,2020,0.655,0.27166666666666667,0.07333333333333333,0.0,0.0
Atlantique,2022,0.6953846153846153,0.20846153846153845,0.09307692307692307,0.003076923076923077,0.0
Atlantique,2023,0.823076923076923,0.14076923076923079,0.036153846153846154,0.0,0.0
Atlantique,2024,0.803076923076923,0.15692307692307692,0.04,0.0,0.0
Atlantique,2025,0.885,0.085,0.03,0.0,0.0
Atsimo Andrefana,2018,0.3325,0.3325,0.245,0.09,0.0
Atsimo Andrefana,2019,0.5166666666666666,0.3333333333333333,0.15,0.0,0.0
Atsimo Andrefana,2020,0.38125,0.41875,0.1875,0.0125,0.0
Atsimo Andrefana,2021,0.2583333333333333,0.4166666666666667,0.24166666666666667,0.08333333333333333,0.0
Atsimo Andrefana,2022,0.29444444444444445,0.37777777777777777,0.27222222222222225,0.05,0.0
Atsimo Andrefana,2023,0.3772727272727273,0.4818181818181818,0.1409090909090909,0.0,0.0
Atsimo Andrefana,2024,0.4148148148148148,0.44259259259259265,0.1388888888888889,0.003703703703703704,0.0
Atsimo Andrefana,2025,0.396875,0.484375,0.11875000000000001,0.0,0.0
Atsimo Atsinana,2017,0.27,0.295,0.315,0.095,0.0
Atsimo Atsinanana,2018,0.59,0.26,0.12000000000000001,0.03,0.0
Atsimo Atsinanana,2019,0.47500000000000003,0.375,0.15,0.0,0.0
Atsimo Atsinanana,2020,0.5375,0.3625,0.1,0.0,0.0
Atsimo Atsinanana,2022,0.2785714285714286,0.4785714285714286,0.2357142857142857,0.0071428571428571435,0.0
Atsimo Atsinanana,2023,0.34615384615384615,0.4807692307692308,0.16923076923076924,0.0038461538461538464,0.0
Atsimo Atsinanana,2024,0.35,0.48250000000000004,0.1675,0.0,0.0
Atsimo Atsinanana,2025,0.32999999999999996,0.5,0.16999999999999998,0.0,0.0
Atsimo-Atsinana,2021,0.375,0.525,0.1,0.0,0.0
Atsimo-Atsinana,2022,0.525,0.375,0.1,0.0,0.0
Atsimo-andrefana,2017,0.20000000000000004,0.35000000000000003,0.33,0.11666666666666665,0.0
Atsinanana,2018,0.8533333333333334,0.09666666666666666,0.04666666666666667,0.0033333333333333335,0.0
Atsinanana,2024,0.4375,0.5,0.0625,0.0,0.0
Atsinanana,2025,0.45,0.47500000000000003,0.075,0.0,0.0
Awdal,2017,0.61875,0.15125,0.19625,0.065,0.0
Awdal,2018,0.5725,0.15625,0.2175,0.11,0.0
Awdal,2019,0.41000000000000003,0.36875,0.165,0.058750000000000004,0.0
Awdal,2020,0.625,0.25,0.0875,0.036250000000000004,0.0
Awdal,2021,0.655,0.2875,0.1,0.037500000000000006,0.0
Awdal,2022,0.5948717948717949,0.18974358974358976,0.15512820512820513,0.06025641025641026,0.0
Awdal,2023,0.5113095238095239,0.2565476190476191,0.16785714285714284,0.0642857142857143,0.0
Awdal,2024,0.4523809523809524,0.37142857142857144,0.14047619047619048,0.03571428571428571,0.0
Awdal,2025,0.5380952380952382,0.33095238095238094,0.1261904761904762,0.004761904761904762,0.0
BALOCHISTAN,2018,0.24785714285714286,0.25,0.3821428571428571,0.12000000000000001,0.0
BALOCHISTAN,2021,0.3736842105263158,0.3684210526315789,0.19473684210526318,0.06315789473684211,0.0
BALOCHISTAN,2022,0.3541666666666667,0.3333333333333333,0.23750000000000002,0.075,0.0
BALOCHISTAN,2024,0.3902173913043478,0.3358695652173913,0.22173913043478263,0.05217391304347826,0.0
Baabda,2022,0.15000000000000002,0.475,0.32499999999999996,0.05,0.0
Baabda,2023,0.32,0.47000000000000003,0.2,0.01,0.0
Baabda,2024,0.25,0.42500000000000004,0.275,0.05,0.0
Baabda,2025,0.30000000000000004,0.4,0.30000000000000004,0.0,0.0
Baalbek,2022,0.1,0.375,0.42500000000000004,0.1,0.0
Baalbek,2023,0.16999999999999998,0.5,0.27999999999999997,0.05,0.0
Baalbek,2024,0.1,0.4,0.3,0.2,0.0
Baalbek & El Hermel,2025,0.18333333333333335,0.43333333333333335,0.35000000000000003,0.03333333333333333,0.0
Badakhshan,2017,0.16,0.27555555555555555,0.2911111111111111,0.2733333333333333,0.0
Baghlan,2017,0.262,0.394,0.254,0.052000000000000005,0.0
Bakool,2017,0.49625,0.14875,0.25875000000000004,0.1925,0.0
Bakool,2018,0.71,0.21625,0.0842857142857143,0.0,0.0
Bakool,2019,0.6775,0.2475,0.06375,0.01,0.0
Bakool,2020,0.825,0.11200000000000002,0.053000000000000005,0.011,0.0
Bakool,2021,0.746,0.16999999999999998,0.088,0.006,0.0
Bakool,2022,0.48947368421052634,0.2,0.19999999999999998,0.09473684210526316,0.01578947368421053
Bakool,2023,0.4263888888888889,0.21666666666666667,0.2326388888888889,0.10694444444444445,0.017361111111111112
Bakool,2024,0.5069444444444444,0.26249999999999996,0.1611111111111111,0.06944444444444445,0.0
Bakool,2025,0.5222222222222223,0.2861111111111111,0.17222222222222222,0.019444444444444445,0.0
Balochistan,2023,0.2972222222222222,0.3611111111111111,0.2638888888888889,0.07777777777777778,0.0
Bamako,2020,0.84,0.16,0.0,0.0,0.0
Bamako,2021,0.865,0.12,0.01,0.0,0.0
Bamako,2022,0.8366666666666666,0.14666666666666667,0.016666666666666666,0.0,0.0
Bamako,2023,0.8616666666666667,0.12333333333333334,0.015,0.0,0.0
Bamako,2024,0.8275,0.15583333333333335,0.016666666666666666,0.0,0.0
Bamingui-Bangoran,2019,0.275,0.42500000000000004,0.25,0.05,0.0
Bamingui-Bangoran,2020,0.2,0.275,0.375,0.15,0.0
Bamingui-Bangoran,2021,0.225,0.275,0.35,0.15,0.0
Bamingui-Bangoran,2022,0.275,0.275,0.32499999999999996,0.125,0.0
Bamingui-Bangoran,2023,0.325,0.3375,0.2875,0.05,0.0
Bamingui-Bangoran,2024,0.225,0.4,0.3,0.07500000000000001,0.0
Bamingui-Bangoran,2025,0.32499999999999996,0.3,0.32499999999999996,0.05,0.0
Banadir,2017,0.705,0.245,0.1,0.0,0.0
Banadir,2018,0.74,0.18000000000000002,0.07,0.01,0.0
Banadir,2019,0.725,0.23,0.035,0.02,0.0
Banadir,2020,0.73,0.2,0.05500000000000001,0.015,0.0
Banadir,2021,0.81,0.22,0.03,0.0,0.0
Banadir,2022,0.62,0.18,0.12999999999999998,0.06000000000000001,0.01
Banadir,2023,0.5375,0.19583333333333333,0.17500000000000002,0.07083333333333333,0.020833333333333332
Banadir,2024,0.5083333333333333,0.3,0.15,0.041666666666666664,0.0
Banadir,2025,0.6,0.25,0.13333333333333333,0.016666666666666666,0.0
Bangui,2019,0.5,0.35,0.15,0.0,0.0
Bangui,2020,0.2,0.35,0.4,0.05,0.0
Bangui,2021,0.25,0.45,0.2,0.1,0.0
Bangui,2022,0.45,0.35,0.2,0.0,0.0
Bangui,2023,0.4166666666666667,0.4166666666666667,0.16666666666666666,0.0,0.0
Bangui,2024,0.32499999999999996,0.525,0.1375,0.0125,0.0
Bangui,2025,0.4,0.42500000000000004,0.125,0.05,0.0
Bangui Ville,2018,0.2875,0.50625,0.15625,0.05,0.0
Bangui Ville,2019,0.25,0.5233333333333333,0.15,0.07666666666666666,0.0
Barh-El-Gazel,2020,0.8233333333333333,0.13333333333333333,0.04,0.0033333333333333335,0.0
Barh-El-Gazel,2021,0.6083333333333333,0.25166666666666665,0.125,0.015,0.0
Barh-El-Gazel,2022,0.6233333333333333,0.235,0.13333333333333333,0.008333333333333333,0.0
Barh-El-Gazel,2023,0.595,0.255,0.13333333333333333,0.016666666666666666,0.0
Barh-El-Gazel,2024,0.49833333333333335,0.3066666666666667,0.15833333333333333,0.03666666666666667,0.0
Barh-El-Gazel,2025,0.5233333333333333,0.3,0.17666666666666667,0.0,0.0
Bari,2017,0.5691666666666667,0.245,0.1625,0.026363636363636367,0.0
Bari,2018,0.6408333333333334,0.24416666666666667,0.10916666666666668,0.01,0.0
Bari,2019,0.5725,0.3491666666666666,0.06999999999999999,0.006666666666666667,0.0
Bari,2020,0.6241666666666666,0.23583333333333334,0.09749999999999999,0.04,0.0
Bari,2021,0.5766666666666667,0.27666666666666667,0.16666666666666666,0.025000000000000005,0.0
Bari,2022,0.5207317073170732,0.20000000000000004,0.21097560975609758,0.06829268292682927,0.0
Bari,2023,0.45187499999999997,0.23374999999999999,0.230625,0.08375,0.0
Bari,2024,0.4954545454545455,0.31136363636363634,0.15113636363636365,0.042045454545454546,0.0
Bari,2025,0.45454545454545453,0.3613636363636364,0.16363636363636364,0.020454545454545454,0.0
Barisal,2023,0.4,0.42500000000000004,0.125,0.05,0.0
Barishal,2024,0.43333333333333335,0.375,0.19166666666666665,0.0,0.0
Barishal,2025,0.42500000000000004,0.39166666666666666,0.18333333333333335,0.0,0.0
Bas Uélé,2018,0.135,0.8083333333333332,0.05666666666666667,0.0,0.0
Bas Uélé,2019,0.225,0.5625,0.15000000000000002,0.0625,0.0
Bas Uélé,2020,0.3,0.5,0.15,0.05,0.0
Bas Uélé,2021,0.15,0.5499999999999999,0.2409090909090909,0.05909090909090909,0.0
Bas Uélé,2022,0.325,0.47500000000000003,0.15,0.05000000000000001,0.0
Bas Uélé,2023,0.18333333333333335,0.6,0.16666666666666666,0.05000000000000001,0.0
Bas Uélé,2024,0.25,0.5,0.21666666666666667,0.03333333333333333,0.0
Basse-Kotto,2019,0.13999999999999999,0.32,0.4,0.13999999999999999,0.0
Basse-Kotto,2020,0.2833333333333333,0.2333333333333333,0.35833333333333334,0.125,0.0
Basse-Kotto,2021,0.225,0.25833333333333336,0.35000000000000003,0.16666666666666666,0.0
Basse-Kotto,2022,0.2333333333333333,0.25833333333333336,0.3333333333333333,0.17500000000000002,0.0
Basse-Kotto,2023,0.24166666666666667,0.3958333333333333,0.29583333333333334,0.06666666666666667,0.0
Basse-Kotto,2024,0.17500000000000002,0.39999999999999997,0.325,0.09999999999999999,0.0
Basse-Kotto,2025,0.19166666666666668,0.3,0.39999999999999997,0.10833333333333334,0.0
Batha,2020,0.7833333333333333,0.17333333333333334,0.043333333333333335,0.0,0.0
Batha,2021,0.7233333333333333,0.18500000000000003,0.08666666666666667,0.005,0.0
Batha,2022,0.7749999999999999,0.165,0.055,0.005,0.0
Batha,2023,0.6516666666666667,0.24,0.09333333333333332,0.015,0.0
Batha,2024,0.5533333333333333,0.265,0.16333333333333333,0.018333333333333333,0.0
Batha,2025,0.7466666666666667,0.16333333333333333,0.08,0.01,0.0
Bauchi,2020,0.8375,0.1365,0.026000000000000002,0.0,0.0
Bauchi,2021,0.827,0.145,0.0325,0.0,0.0
Bauchi,2022,0.8220000000000001,0.14,0.038,0.0,0.0
Bauchi,2023,0.7565,0.18775,0.05575,0.0,0.0
Bauchi,2024,0.635,0.267,0.098,0.0,0.0
Bauchi,2025,0.5795,0.317,0.10350000000000001,0.0,0.0
Bay,2017,0.51875,0.155,0.23875000000000002,0.16999999999999998,0.0
Bay,2018,0.66625,0.22375,0.1075,0.004,0.0
Bay,2019,0.64375,0.19375,0.13875,0.0225,0.0
Bay,2020,0.70125,0.20125,0.085,0.01625,0.0
Bay,2021,0.72,0.28,0.1175,0.0075,0.0
Bay,2022,0.2515151515151515,0.13181818181818183,0.34242424242424246,0.2106060606060606,0.06363636363636364
Bay,2023,0.32132352941176473,0.20514705882352943,0.26985294117647063,0.16397058823529412,0.03970588235294118
Bay,2024,0.388235294117647,0.31029411764705883,0.22058823529411764,0.08088235294117647,0.0
Bay,2025,0.4588235294117647,0.31470588235294117,0.2029411764705882,0.023529411764705882,0.0
Bay Bakool Low Potential Agropastoral,2021,0.65,0.2,0.15,0.0,0.0
Bcharre,2022,0.25,0.5,0.2,0.05,0.0
Bcharre,2023,0.3125,0.525,0.15,0.0125,0.0
Bcharre,2024,0.35,0.525,0.125,0.0,0.0
Beirut,2022,0.175,0.42500000000000004,0.35,0.05,0.0
Beirut,2023,0.3625,0.4625,0.175,0.0,0.0
Beirut,2024,0.325,0.375,0.3,0.0,0.0
Beirut,2025,0.4,0.4,0.2,0.0,0.0
Bent Jbeil & Marjaayoun,2025,0.2,0.6,0.2,0.0,0.0
Bent jbell,2022,0.35,0.4,0.22499999999999998,0.025,0.0
Bent jbell,2023,0.275,0.525,0.1875,0.0125,0.0
Benue,2020,0.8517391304347826,0.11913043478260871,0.029130434782608697,0.0,0.0
Benue,2021,0.8221739130434783,0.12891304347826088,0.04891304347826087,0.0,0.0
Benue,2022,0.7006122448979591,0.18285714285714288,0.09959183673469388,0.016938775510204084,0.0
Benue,2023,0.6221739130434782,0.2871739130434783,0.09065217391304348,0.0,0.0
Benue,2024,0.4797826086956522,0.38913043478260867,0.12956521739130436,0.0015217391304347828,0.0
Benue,2025,0.43260869565217386,0.40608695652173915,0.16130434782608696,0.0,0.0
Blue Nile,2019,0.6,0.22599999999999998,0.11200000000000002,0.062,0.0
Blue Nile,2020,0.2857142857142857,0.37857142857142856,0.2642857142857143,0.07142857142857142,0.0
Blue Nile,2021,0.4857142857142857,0.35000000000000003,0.12142857142857144,0.042857142857142864,0.0
Blue Nile,2022,0.31428571428571433,0.41428571428571426,0.18928571428571428,0.08214285714285716,0.0
Blue Nile,2023,0.33809523809523806,0.42142857142857143,0.18095238095238095,0.05952380952380952,0.0
Blue Nile,2024,0.18541666666666667,0.34375,0.3541666666666667,0.11666666666666668,0.0
Boke,2020,0.8,0.148,0.052000000000000005,0.0,0.0
Boke,2021,0.7859999999999999,0.174,0.04,0.0,0.0
Boke,2022,0.612,0.315,0.073,0.0,0.0
Boke,2023,0.758,0.19,0.052000000000000005,0.0,0.0
Boke,2024,0.6799999999999999,0.23399999999999999,0.08600000000000001,0.0,0.0
Bono,2021,0.8333333333333334,0.11333333333333334,0.05333333333333334,0.0,0.0
Bono,2022,0.7857142857142857,0.16428571428571428,0.05,0.0,0.0
Bono,2023,0.875,0.11,0.015,0.0,0.0
Bono,2024,0.83,0.12,0.05,0.0,0.0
Bono,2025,0.6825,0.20333333333333334,0.10666666666666667,0.0075,0.0
Bono East,2021,0.7933333333333333,0.13,0.06,0.016666666666666666,0.0
Bono East,2022,0.7657142857142858,0.16,0.06999999999999999,0.004285714285714286,0.0
Bono East,2023,0.885,0.1,0.015,0.0,0.0
Bono East,2024,0.93,0.06,0.01,0.0,0.0
Bono East,2025,0.72,0.21,0.07,0.0,0.0
Borgou,2020,0.8200000000000001,0.16285714285714287,0.017142857142857144,0.0,0.0
Borgou,2022,0.8466666666666666,0.12466666666666668,0.028666666666666667,0.0,0.0
Borgou,2023,0.872,0.10866666666666666,0.019333333333333334,0.0,0.0
Borgou,2024,0.8275,0.14750000000000002,0.025,0.0,0.0
Borgou,2025,0.83875,0.1225,0.03875,0.0,0.0
Borkou,2020,0.6699999999999999,0.225,0.10500000000000001,0.0,0.0
Borkou,2021,0.5775,0.25,0.1475,0.025,0.0
Borkou,2022,0.74,0.185,0.075,0.0,0.0
Borkou,2023,0.6725,0.2175,0.09,0.02,0.0
Borkou,2024,0.5425,0.26749999999999996,0.16,0.03,0.0
Borkou,2025,0.575,0.27,0.14,0.015,0.0
Borno,2020,0.37962962962962965,0.3062962962962963,0.22814814814814816,0.08592592592592592,0.0
Borno,2021,0.44274509803921563,0.28470588235294114,0.20862745098039218,0.06392156862745098,0.0
Borno,2022,0.41405797101449276,0.33304347826086955,0.21420289855072464,0.03826086956521739,0.00043478260869565214
Borno,2023,0.36875,0.36984375,0.21671875000000002,0.0446875,0.0
Borno,2024,0.3670689655172414,0.3613793103448276,0.24086206896551726,0.030689655172413795,0.0
Borno,2025,0.40304347826086956,0.3721739130434783,0.20956521739130435,0.015217391304347825,0.0
Boucle du Mouhoun,2020,0.8183333333333334,0.14666666666666667,0.035,0.0,0.0
Boucle du Mouhoun,2021,0.8358333333333333,0.1225,0.041666666666666664,0.0,0.0
Boucle du Mouhoun,2022,0.7133333333333334,0.18583333333333332,0.09333333333333334,0.0075,0.0
Boucle du Mouhoun,2023,0.6833333333333332,0.18999999999999997,0.10416666666666667,0.022500000000000003,0.0
Boucle du Mouhoun,2024,0.815,0.13166666666666668,0.05333333333333334,0.0,0.0
Brakna,2020,0.782,0.16,0.05800000000000001,0.0,0.0
Brakna,2021,0.719,0.22399999999999998,0.05700000000000001,0.0,0.0
Brakna,2022,0.244,0.508,0.21000000000000002,0.038,0.0
Brakna,2023,0.7718181818181818,0.16545454545454547,0.06272727272727273,0.0,0.0
Brakna,2024,0.6983333333333334,0.20166666666666666,0.09999999999999999,0.0,0.0
Brakna,2025,0.7216666666666667,0.19000000000000003,0.08833333333333333,0.0,0.0
Cabo Delgado,2017,0.8936842105263159,0.03894736842105263,0.060000000000000005,0.00736842105263158,0.0
Cabo Delgado,2018,0.6980000000000001,0.19,0.10400000000000001,0.008,0.0
Cabo Delgado,2019,0.3909090909090909,0.3409090909090909,0.2409090909090909,0.02727272727272727,0.0
Cabo Delgado,2020,0.29,0.39,0.24,0.08,0.0
Cabo Delgado,2021,0.27,0.30500000000000005,0.3975,0.027500000000000004,0.0
Cabo Delgado,2022,0.2825,0.365,0.27375,0.08125,0.0
Cabo Delgado,2023,0.33529411764705885,0.3382352941176471,0.2882352941176471,0.03823529411764706,0.0
Cabo Delgado,2024,0.3196428571428571,0.37678571428571433,0.26071428571428573,0.042857142857142864,0.0
Cahama,2019,0.095,0.24,0.2,0.45999999999999996,0.0
Carrefour,2019,0.52,0.25,0.17333333333333334,0.05666666666666667,0.0
Carrefour,2021,0.25,0.4,0.25,0.1,0.0
Carrefour,2022,0.3,0.35,0.2,0.15,0.0
Carrefour,2023,0.3,0.3,0.3,0.1,0.0
Cascades,2020,0.86,0.11499999999999999,0.025,0.0,0.0
Cascades,2021,0.895,0.0925,0.0125,0.0,0.0
Cascades,2022,0.89,0.09,0.02,0.0,0.0
Cascades,2023,0.915,0.065,0.02,0.0,0.0
Cascades,2024,0.9450000000000001,0.045000000000000005,0.01,0.0,0.0
Central,2019,0.50625,0.325,0.14375,0.025,0.0
Central,2020,0.6125,0.225,0.1375,0.025,0.0
Central,2021,0.7255555555555556,0.20333333333333334,0.07,0.0011111111111111111,0.0
Central,2022,0.6211764705882353,0.30294117647058827,0.07588235294117647,0.0,0.0
Central,2023,0.5387500000000001,0.325,0.13625,0.0,0.0
Central,2024,0.30083333333333334,0.38083333333333336,0.3183333333333333,0.0,0.0
Central,2025,0.67,0.25,0.08,0.0,0.0
Central Darfur,2019,0.5577777777777777,0.21333333333333332,0.1588888888888889,0.07,0.0
Central Darfur,2020,0.5111111111111111,0.1888888888888889,0.21666666666666667,0.08333333333333333,0.0
Central Darfur,2021,0.37222222222222223,0.4694444444444444,0.11388888888888887,0.044444444444444446,0.0
Central Darfur,2022,0.36944444444444446,0.38333333333333336,0.175,0.07222222222222223,0.0
Central Darfur,2023,0.1962962962962963,0.3592592592592592,0.2981481481481481,0.1462962962962963,0.0
Central Darfur,2024,0.13333333333333333,0.2916666666666667,0.3541666666666667,0.22083333333333333,0.0
Central Equatoria,2017,0.30521739130434783,0.3208695652173913,0.2773913043478261,0.07608695652173914,0.0
Central Equatoria,2018,0.06578947368421052,0.34,0.4789473684210526,0.11578947368421054,0.0
Central Equatoria,2019,0.13076923076923078,0.3903846153846154,0.40384615384615385,0.075,0.0
Central Equatoria,2020,0.18055555555555555,0.4361111111111111,0.3222222222222222,0.058333333333333334,0.0
Central Equatoria,2022,0.17500000000000002,0.375,0.375,0.075,0.0
Central Equatoria,2023,0.1625,0.3541666666666667,0.3666666666666667,0.11666666666666665,0.0
Central Equatoria,2024,0.14583333333333334,0.35000000000000003,0.3958333333333333,0.10833333333333334,0.0
Central Equatoria,2025,0.13333333333333333,0.3208333333333333,0.4375,0.10833333333333334,0.0
Central Province,2018,0.7485714285714286,0.15857142857142856,0.05142857142857143,0.041428571428571426,0.0
Centrale,2020,0.8925000000000001,0.10250000000000001,0.005,0.0,0.0
Centrale,2021,0.89,0.10600000000000001,0.004,0.0,0.0
Centrale,2022,0.74,0.16899999999999998,0.091,0.0,0.0
Centrale,2023,0.86,0.10600000000000001,0.034,0.0,0.0
Centrale,2024,0.783,0.16899999999999998,0.048,0.0,0.0
Centre,2017,0.35,0.43,0.16,0.03,0.0
Centre,2018,0.3,0.35,0.3,0.05,0.0
Centre,2019,0.3,0.35,0.25,0.1,0.0
Centre,2020,0.695,0.225,0.07166666666666667,0.008333333333333333,0.0
Centre,2021,0.7341666666666667,0.19458333333333333,0.055,0.01625,0.0
Centre,2022,0.7387999999999999,0.1804,0.0644,0.0164,0.0
Centre,2023,0.76125,0.16291666666666668,0.0675,0.008333333333333333,0.0
Centre,2024,0.748695652173913,0.15608695652173912,0.07956521739130436,0.015652173913043476,0.0
Centre-Est,2020,0.7133333333333333,0.25333333333333335,0.03333333333333333,0.0,0.0
Centre-Est,2021,0.7916666666666666,0.155,0.05333333333333334,0.0,0.0
Centre-Est,2022,0.775,0.165,0.06,0.0,0.0
Centre-Est,2023,0.7016666666666667,0.21333333333333335,0.08333333333333333,0.0016666666666666668,0.0
Centre-Est,2024,0.7366666666666667,0.19000000000000003,0.07333333333333333,0.0,0.0
Centre-Nord,2020,0.4666666666666666,0.2833333333333333,0.24,0.01,0.0
Centre-Nord,2021,0.44333333333333336,0.33499999999999996,0.20666666666666667,0.015,0.0
Centre-Nord,2022,0.41444444444444445,0.3566666666666667,0.20333333333333334,0.02555555555555556,0.0
Centre-Nord,2023,0.5571428571428572,0.28285714285714286,0.15285714285714283,0.0071428571428571435,0.0
Centre-Nord,2024,0.4766666666666666,0.32666666666666666,0.19666666666666666,0.0,0.0
Centre-Ouest,2020,0.7625,0.2025,0.035,0.0,0.0
Centre-Ouest,2021,0.8474999999999999,0.11750000000000001,0.035,0.0,0.0
Centre-Ouest,2022,0.81625,0.14125000000000001,0.0425,0.0,0.0
Centre-Ouest,2023,0.805,0.155,0.04,0.0,0.0
Centre-Ouest,2024,0.82,0.14250000000000002,0.0375,0.0,0.0
Centre-Sud,2020,0.7200000000000001,0.24,0.04,0.0,0.0
Centre-Sud,2021,0.8416666666666667,0.13166666666666668,0.02666666666666667,0.0,0.0
Centre-Sud,2022,0.8816666666666667,0.10166666666666667,0.016666666666666666,0.0,0.0
Centre-Sud,2023,0.86,0.12,0.02,0.0,0.0
Centre-Sud,2024,0.8833333333333333,0.09333333333333334,0.023333333333333334,0.0,0.0
Centro,2019,0.340625,0.36875,0.246875,0.043750000000000004,0.0
Chari-Baguirmi,2020,0.89,0.09666666666666668,0.013333333333333334,0.0,0.0
Chari-Baguirmi,2021,0.8166666666666668,0.14666666666666667,0.03666666666666667,0.0,0.0
Chari-Baguirmi,2022,0.8033333333333333,0.155,0.041666666666666664,0.0,0.0
Chari-Baguirmi,2023,0.7483333333333334,0.19333333333333336,0.05833333333333333,0.0,0.0
Chari-Baguirmi,2024,0.6183333333333333,0.265,0.11,0.006666666666666667,0.0
Chari-Baguirmi,2025,0.64,0.2233333333333333,0.11666666666666665,0.02,0.0
Chattogram,2024,0.4125,0.35625,0.22499999999999998,0.00625,0.0
Chattogram,2025,0.45499999999999996,0.345,0.2,0.0,0.0
Chittagong,2023,0.5,0.25,0.2,0.05,0.0
Chouf,2022,0.225,0.55,0.2,0.025,0.0
Chouf,2023,0.325,0.5125000000000001,0.1625,0.0,0.0
Chouf,2024,0.325,0.42500000000000004,0.25,0.0,0.0
Chouf,2025,0.4,0.4,0.2,0.0,0.0
Cite Soleil,2021,0.15,0.25,0.4,0.2,0.0
Cite Soleil,2022,0.15,0.2,0.25,0.35,0.05
Cite Soleil,2023,0.2,0.25,0.35,0.2,0.0
Cité_Soleil,2019,0.325,0.25,0.275,0.15000000000000002,0.0
Coastal Deeh Pastoral & Fishing,2021,0.39999999999999997,0.3,0.25,0.05000000000000001,0.0
Collines,2020,0.735,0.205,0.06,0.0,0.0
Collines,2022,0.7363636363636363,0.18545454545454546,0.07727272727272728,0.0009090909090909091,0.0
Collines,2023,0.7866666666666666,0.16083333333333336,0.051666666666666666,0.0008333333333333334,0.0
Collines,2024,0.7288888888888888,0.19333333333333333,0.07777777777777778,0.0,0.0
Collines,2025,0.89,0.10166666666666667,0.008333333333333333,0.0,0.0
Conakry,2024,0.86,0.12,0.02,0.0,0.0
Concentrations in Prefectures analyzed,2018,0.11666666666666665,0.3,0.3833333333333333,0.19999999999999998,0.0
Concentrations in Prefectures analyzed,2019,0.15625,0.24375,0.39375,0.20625,0.0
Copperbelt,2020,0.55,0.3,0.15,0.0,0.0
Copperbelt,2021,0.4083333333333334,0.5333333333333333,0.05833333333333334,0.0,0.0
Copperbelt,2022,0.45999999999999996,0.47000000000000003,0.07,0.0,0.0
Copperbelt,2023,0.525,0.375,0.1,0.0,0.0
Copperbelt,2024,0.35,0.4277777777777778,0.2222222222222222,0.0,0.0
Couffo,2020,0.6759999999999999,0.252,0.072,0.0,0.0
Couffo,2022,0.6036363636363636,0.2509090909090909,0.14,0.005454545454545454,0.0
Couffo,2023,0.7866666666666666,0.1625,0.04833333333333334,0.0025,0.0
Couffo,2024,0.75,0.19499999999999998,0.055,0.0,0.0
Couffo,2025,0.8450000000000001,0.11833333333333333,0.03666666666666667,0.0,0.0
Cowpea Belt,2021,0.7428571428571429,0.19285714285714287,0.042857142857142864,0.021428571428571432,0.0
Cox Host & Displaced,2023,0.175,0.425,0.35,0.05,0.0
Croix des Bouquets,2021,0.35,0.3,0.25,0.1,0.0
Croix des Bouquets,2022,0.3,0.25,0.25,0.2,0.0
Croix des Bouquets,2023,0.25,0.25,0.35,0.15,0.0
Croix-Des-Bouquets,2019,0.4566666666666667,0.26666666666666666,0.21666666666666667,0.06,0.0
Cross River,2021,0.826111111111111,0.1338888888888889,0.04,0.0,0.0
Cross River,2022,0.7232432432432433,0.1927027027027027,0.08,0.004054054054054054,0.0
Cross River,2023,0.8352777777777778,0.12611111111111112,0.03861111111111112,0.0,0.0
Cross River,2024,0.5297222222222222,0.3433333333333333,0.12694444444444444,0.0,0.0
Cross River,2025,0.5222222222222223,0.33111111111111113,0.14666666666666667,0.0,0.0
Cuangar,2019,0.25,0.24666666666666667,0.33666666666666667,0.16666666666666666,0.0
Cuanhama,2019,0.135,0.4175,0.18,0.2675,0.0
Cuchi,2019,0.10333333333333333,0.23666666666666666,0.51,0.15,0.0
Cunene,2021,0.15,0.30833333333333335,0.39166666666666666,0.15,0.0
Dakar,2020,0.8225,0.15,0.0275,0.0,0.0
Dakar,2021,0.85875,0.13375,0.0075,0.0,0.0
Dakar,2022,0.7775,0.2,0.0225,0.0,0.0
Dakar,2023,0.8525,0.13125,0.01625,0.0,0.0
Dakar,2024,0.885,0.10250000000000001,0.0125,0.0,0.0
Dakhlet-Nouadhibou,2020,0.84,0.12,0.04,0.0,0.0
Dakhlet-Nouadhibou,2021,0.855,0.11,0.035,0.0,0.0
Dakhlet-Nouadhibou,2022,0.71,0.22,0.07,0.0,0.0
Dakhlet-Nouadhibou,2023,0.87,0.11,0.02,0.0,0.0
Dakhlet-Nouadhibou,2024,0.65,0.25,0.1,0.0,0.0
Dakhlet-Nouadhibou,2025,0.78,0.15,0.07,0.0,0.0
Delmas,2019,0.3566666666666667,0.3333333333333333,0.19999999999999998,0.10999999999999999,0.0
Delmas,2021,0.25,0.35,0.35,0.05,0.0
Delmas,2022,0.3,0.3,0.25,0.15,0.0
Delmas,2023,0.3,0.3,0.3,0.1,0.0
Deslocados,2020,0.27999999999999997,0.26,0.33999999999999997,0.1,0.0
Deslocados,2021,0.1,0.33999999999999997,0.4,0.16,0.0
Dhaka,2023,0.45,0.3,0.25,0.0,0.0
Dhaka,2024,0.4375,0.4,0.1625,0.0,0.0
Dhaka,2025,0.48750000000000004,0.3875,0.125,0.0,0.0
Dhamar,2018,0.19583333333333333,0.27499999999999997,0.3441666666666667,0.18583333333333332,0.0
Dhamar,2020,0.18333333333333335,0.32083333333333336,0.35833333333333334,0.1375,0.0
Dhamar,2022,0.1625,0.225,0.43333333333333335,0.17916666666666667,0.0
Dhamar,2025,0.2333333333333333,0.30416666666666664,0.32916666666666666,0.13333333333333333,0.0
Diana,2024,0.5,0.45,0.05,0.0,0.0
Diana,2025,0.525,0.4,0.075,0.0,0.0
Diffa,2020,0.6233333333333334,0.2333333333333333,0.125,0.018333333333333333,0.0
Diffa,2021,0.55,0.27076923076923076,0.15923076923076923,0.02,0.0
Diffa,2022,0.534,0.29933333333333334,0.15266666666666667,0.014,0.0
Diffa,2023,0.49,0.336875,0.165625,0.007500000000000001,0.0
Diffa,2024,0.6837500000000001,0.21625,0.09875,0.00125,0.0
Dikhil,2020,0.30000000000000004,0.35,0.25,0.1,0.0
Dikhil,2022,0.375,0.5,0.125,0.0,0.0
Dikhil,2023,0.3,0.425,0.175,0.1,0.0
Dikhil,2024,0.375,0.42500000000000004,0.175,0.025,0.0
Dikhil,2025,0.4,0.4,0.175,0.025,0.0
Diourbel,2020,0.8066666666666666,0.16666666666666666,0.02666666666666667,0.0,0.0
Diourbel,2021,0.7916666666666666,0.17500000000000002,0.03333333333333333,0.0,0.0
Diourbel,2022,0.695,0.2366666666666667,0.06333333333333334,0.005,0.0
Diourbel,2023,0.7949999999999999,0.17833333333333334,0.02666666666666667,0.0,0.0
Diourbel,2024,0.87,0.11666666666666665,0.013333333333333334,0.0,0.0
Djibouti Ville,2020,0.7,0.225,0.07500000000000001,0.0,0.0
Djibouti Ville,2022,0.625,0.3,0.07500000000000001,0.0,0.0
Djibouti Ville,2023,0.475,0.375,0.1,0.05,0.0
Djibouti Ville,2024,0.4,0.45,0.125,0.025,0.0
Djibouti Ville,2025,0.42500000000000004,0.45,0.1,0.025,0.0
Donga,2020,0.8,0.16499999999999998,0.035,0.0,0.0
Donga,2022,0.7014285714285714,0.22999999999999998,0.06857142857142857,0.0,0.0
Donga,2023,0.8085714285714286,0.14714285714285716,0.04428571428571428,0.0,0.0
Donga,2024,0.7128571428571429,0.19714285714285712,0.09,0.0,0.0
Donga,2025,0.89,0.08,0.03,0.0,0.0
Dosso,2020,0.8311111111111111,0.1411111111111111,0.027777777777777776,0.0,0.0
Dosso,2021,0.7716666666666667,0.18333333333333332,0.045,0.0,0.0
Dosso,2022,0.7605263157894736,0.17421052631578948,0.06473684210526316,0.0005263157894736842,0.0
Dosso,2023,0.7755,0.16799999999999998,0.056499999999999995,0.0,0.0
Dosso,2024,0.836,0.13799999999999998,0.026000000000000002,0.0,0.0
East,2020,0.825,0.1525,0.0225,0.0,0.0
East,2021,0.7687499999999999,0.19625,0.035,0.0,0.0
East,2022,0.72,0.20500000000000002,0.075,0.0,0.0
East,2023,0.71625,0.19875,0.08375,0.00125,0.0
East,2024,0.74375,0.1875,0.06875,0.0,0.0
East Darfur,2019,0.21222222222222223,0.6333333333333333,0.10555555555555556,0.04888888888888889,0.0
East Darfur,2020,0.3333333333333333,0.46111111111111114,0.17777777777777778,0.027777777777777776,0.0
East Darfur,2021,0.5166666666666667,0.3361111111111111,0.1138888888888889,0.03333333333333334,0.0
East Darfur,2022,0.39166666666666666,0.4027777777777778,0.1638888888888889,0.041666666666666664,0.0
East Darfur,2023,0.22592592592592592,0.32037037037037036,0.3166666666666667,0.13703703703703704,0.0
East Darfur,2024,0.16944444444444443,0.36944444444444446,0.3458333333333333,0.1111111111111111,0.0041666666666666675
"East Golis - Frankincense, Goats & Fishing",2021,0.4928571428571429,0.2928571428571428,0.21428571428571427,0.0,0.0
Eastern,2019,0.585,0.295,0.1,0.02,0.0
Eastern,2020,0.53,0.2863636363636364,0.14272727272727273,0.04090909090909091,0.0
Eastern,2021,0.5908333333333333,0.2758333333333333,0.13333333333333333,0.0,0.0
